	ID	Probability
0	100005.0	0.6414502780171171
1	100038.0	0.5815582119815694
2	100067.0	0.7256021101764483
3	100090.0	0.5241869419015696
4	100091.0	0.528546632570662
5	100109.0	0.6027393975959617
6	100141.0	0.5904278297935408
7	100212.0	0.5506650399255728
8	100222.0	0.5933207052377181
9	100241.0	0.568767767239279
10	100278.0	0.5571294043559091
11	100306.0	0.6324764021443133
12	100311.0	0.6315259145434488
13	100331.0	0.5765766919105213
14	100382.0	0.5528295010186698
15	100384.0	0.5652382700478844
16	100385.0	0.5591425500470004
17	100404.0	0.6642651826951563
18	100426.0	0.5132789061879622
19	100450.0	0.7414205633371841
20	100552.0	0.5731649748846355
21	100561.0	0.6697955625431211
22	100568.0	0.8897193763432267
23	100569.0	0.5692665051558862
24	100602.0	0.5915518204360313
25	100613.0	0.6251007952382996
26	100617.0	0.6723371198838395
27	100618.0	0.5536712560693842
28	100625.0	0.7725054091530085
29	100677.0	0.5762562581553862
30	100702.0	0.78015705407853
31	100711.0	0.6772552381481884
32	100740.0	0.5278468605195232
33	100744.0	0.7073088618554868
34	100751.0	0.8104299429800403
35	100753.0	0.7555878301511256
36	100754.0	0.616206881573827
37	100760.0	0.6275046787380275
38	100762.0	0.6833336442567547
39	100770.0	0.6541412941287483
40	100836.0	0.6346124265318808
41	100872.0	0.5255684331586958
42	100910.0	0.5395006948666664
43	100913.0	0.8198429125799902
44	100952.0	0.585800869762784
45	100965.0	0.5248557062618405
46	100982.0	0.5742040888929558
47	100983.0	0.6293079854186703
48	100987.0	0.5192239413772384
49	101002.0	0.6568904120178487
50	101005.0	0.7206209101772886
51	101008.0	0.6369359301176828
52	101020.0	0.5326994735778405
53	101021.0	0.5296211305852568
54	101025.0	0.6962416540257792
55	101056.0	0.713841462042733
56	101057.0	0.5293836521558352
57	101079.0	0.5313064806708502
58	101092.0	0.5944365275346487
59	101097.0	0.6625909783980702
60	101125.0	0.5737969561952436
61	101140.0	0.7079532029819741
62	101149.0	0.5966706305348938
63	101169.0	0.6961493890773488
64	101193.0	0.6172429673801177
65	101194.0	0.6743229242101223
66	101225.0	0.5875241694576543
67	101243.0	0.5080952349702981
68	101244.0	0.7068880532301478
69	101259.0	0.7089368613142037
70	101268.0	0.516046130516716
71	101281.0	0.6640183364035074
72	101292.0	0.5747738045745502
73	101296.0	0.6005813831960676
74	101305.0	0.6788117547252224
75	101308.0	0.7553542971347694
76	101327.0	0.6074247847166426
77	101332.0	0.6367626433558083
78	101337.0	0.6006328762230185
79	101354.0	0.503173542698154
80	101355.0	0.6708108905220928
81	101362.0	0.669935053230397
82	101363.0	0.731439441672821
83	101367.0	0.6530760057140291
84	101399.0	0.6917366340305142
85	101401.0	0.6631731652870954
86	101427.0	0.741327862639068
87	101428.0	0.5519542849660518
88	101429.0	0.7377193059896452
89	101448.0	0.6650869021174584
90	101472.0	0.574579743815456
91	101548.0	0.6530672194757179
92	101555.0	0.6751452630354146
93	101580.0	0.5978581498751315
94	101588.0	0.6233919098817002
95	101610.0	0.5074881122384641
96	101614.0	0.6551684228636848
97	101643.0	0.6392751978528675
98	101649.0	0.5892805650879088
99	101650.0	0.5394641228802777
100	101686.0	0.5058811374570349
101	101697.0	0.6019066955377875
102	101700.0	0.8034971763853391
103	101711.0	0.5793957377269476
104	101715.0	0.7251961660454446
105	101759.0	0.5687533091571451
106	101780.0	0.747572502571287
107	101816.0	0.540643545861361
108	101867.0	0.590211773630471
109	101873.0	0.8323691668682056
110	101887.0	0.5033083951036801
111	101903.0	0.8327472006609886
112	101961.0	0.5022386180387661
113	101976.0	0.5328442484932988
114	102019.0	0.8196539894161412
115	102062.0	0.5873385500983493
116	102067.0	0.5855718686088783
117	102099.0	0.6632155936078187
118	102112.0	0.5322722172561218
119	102122.0	0.6759764396720883
120	102126.0	0.6594577093595725
121	102147.0	0.6275531425146378
122	102158.0	0.5357729466435737
123	102162.0	0.6084640898358255
124	102165.0	0.5075118079677926
125	102166.0	0.6017841306872337
126	102193.0	0.6962593930655233
127	102238.0	0.540656147389572
128	102252.0	0.5987461490019833
129	102262.0	0.5838892387651663
130	102286.0	0.5052260258478041
131	102303.0	0.5006462086263277
132	102309.0	0.500498198177216
133	102342.0	0.5524165579943858
134	102344.0	0.5373644648520377
135	102416.0	0.5698011728667941
136	102441.0	0.5444676756795565
137	102444.0	0.7019508386899609
138	102445.0	0.6360110145029497
139	102450.0	0.5660139534571483
140	102456.0	0.5078649723015745
141	102458.0	0.6814759588684223
142	102470.0	0.7937268392548545
143	102475.0	0.592630829237318
144	102476.0	0.5912056421458866
145	102568.0	0.5368042090276759
146	102582.0	0.6621021368750818
147	102597.0	0.8211328754119581
148	102671.0	0.5622619569680318
149	102694.0	0.7560360366503874
150	102701.0	0.5287213277899541
151	102720.0	0.6263814339450176
152	102799.0	0.7888674144031254
153	102862.0	0.6114281285651796
154	102898.0	0.8261016651113311
155	102927.0	0.5303538222892497
156	102958.0	0.5078077883275136
157	102987.0	0.511851044402883
158	103025.0	0.6217504455600316
159	103046.0	0.6596661446651705
160	103062.0	0.7035689930866192
161	103096.0	0.5129834461603475
162	103097.0	0.740242473830761
163	103102.0	0.6192987355289
164	103144.0	0.511814338234461
165	103195.0	0.7386587289225938
166	103230.0	0.8831166348464387
167	103231.0	0.7250026860671588
168	103240.0	0.6122978592763367
169	103287.0	0.6793590092589429
170	103319.0	0.5432498927381927
171	103334.0	0.571450384127232
172	103371.0	0.7465545877377595
173	103408.0	0.7013442828072293
174	103420.0	0.8100061293603177
175	103473.0	0.6867238438907806
176	103475.0	0.611068052664316
177	103478.0	0.5900280421544406
178	103480.0	0.5956787307075178
179	103516.0	0.5144981810590519
180	103525.0	0.5040633045486154
181	103541.0	0.8326128579926578
182	103562.0	0.7264485739524859
183	103570.0	0.721417430429071
184	103572.0	0.5862072846565832
185	103575.0	0.5493094214831986
186	103591.0	0.5976715692343515
187	103625.0	0.5060875333701664
188	103628.0	0.6880751192290745
189	103648.0	0.654740118791714
190	103682.0	0.6064480840230996
191	103733.0	0.8266283810553917
192	103762.0	0.5661866941958953
193	103771.0	0.6006891094992033
194	103818.0	0.7348267675648867
195	103830.0	0.8773863848549424
196	103842.0	0.6594191797503853
197	103847.0	0.610027870936099
198	103854.0	0.647345859187665
199	103857.0	0.6238428644881613
200	103862.0	0.8244579627480093
201	103865.0	0.624596564850584
202	103891.0	0.8252579169403655
203	103908.0	0.5266695488132977
204	103918.0	0.5303045594624125
205	103963.0	0.6686485645881954
206	103966.0	0.6326362692723263
207	103980.0	0.5906589823857913
208	103998.0	0.7430840176194256
209	104026.0	0.5048115350385335
210	104035.0	0.5097289786369297
211	104047.0	0.9060530142269921
212	104066.0	0.6167485791193321
213	104098.0	0.5952882098711384
214	104110.0	0.7513230555472064
215	104120.0	0.5549544950000541
216	104150.0	0.5697153982556457
217	104156.0	0.8621192849818655
218	104179.0	0.6165658424115162
219	104184.0	0.5848601004150186
220	104216.0	0.5734374755484491
221	104230.0	0.6805251020756166
222	104294.0	0.5122144332733852
223	104295.0	0.5056851040405729
224	104320.0	0.6803763215257631
225	104351.0	0.6399723871224512
226	104369.0	0.596179006278016
227	104398.0	0.5652349627993148
228	104408.0	0.6179996875318478
229	104410.0	0.7202727698180872
230	104417.0	0.5075359291662989
231	104426.0	0.5329280514590028
232	104435.0	0.7047821102049501
233	104460.0	0.5651284805342064
234	104472.0	0.5889719671768355
235	104482.0	0.5157775747161671
236	104506.0	0.6694635752153713
237	104512.0	0.594667856594998
238	104520.0	0.6563059579848942
239	104588.0	0.5546677467269716
240	104602.0	0.7059923110545677
241	104618.0	0.5627242046573293
242	104625.0	0.5688537374375697
243	104639.0	0.557889873964476
244	104647.0	0.5319642790326153
245	104677.0	0.5010685758581441
246	104685.0	0.5658113034889565
247	104699.0	0.5329982993882854
248	104714.0	0.5252337387585616
249	104747.0	0.5247247760088882
250	104767.0	0.5122873624745059
251	104772.0	0.8171009264474082
252	104776.0	0.6626714518775754
253	104831.0	0.5367232355049133
254	104899.0	0.6667891590778491
255	104930.0	0.6011395623424164
256	104931.0	0.7242293324567941
257	104969.0	0.5419500038133228
258	104972.0	0.7074249662553531
259	105035.0	0.6100445321744411
260	105051.0	0.6494180423223241
261	105056.0	0.5360999297760943
262	105067.0	0.8712149033121962
263	105074.0	0.5318686023295011
264	105091.0	0.5466804012890861
265	105176.0	0.7923193819896268
266	105196.0	0.7320887251935423
267	105227.0	0.5701059301235817
268	105230.0	0.7290785831860332
269	105231.0	0.8131088101165519
270	105242.0	0.6791281893420474
271	105276.0	0.5296045181398811
272	105403.0	0.5375937528310122
273	105404.0	0.5221035369303599
274	105452.0	0.6529236287615612
275	105454.0	0.6925712750659683
276	105456.0	0.5082015055369306
277	105483.0	0.6723666131809551
278	105493.0	0.5284114206094711
279	105508.0	0.5830513954476322
280	105528.0	0.6665566262017306
281	105529.0	0.5479519499685923
282	105558.0	0.5377227274111873
283	105617.0	0.5556548675835701
284	105641.0	0.6462782243181674
285	105648.0	0.6960162899652544
286	105672.0	0.5636104299412215
287	105678.0	0.7143582341087212
288	105682.0	0.511730698750725
289	105735.0	0.5261145945846135
290	105736.0	0.620143455597618
291	105738.0	0.6627537603242876
292	105740.0	0.6115346431570258
293	105744.0	0.5159321221512838
294	105749.0	0.6985772162848473
295	105758.0	0.5100745337238124
296	105767.0	0.6215311845263191
297	105784.0	0.5148195993826733
298	105802.0	0.602357692228383
299	105807.0	0.5166667367735499
300	105809.0	0.5759228843491541
301	105899.0	0.7931855722176813
302	105923.0	0.536998698413075
303	105937.0	0.6409100343686043
304	105968.0	0.5638788257456473
305	105991.0	0.7818075933593013
306	105998.0	0.7440434152603321
307	105999.0	0.5729137656522888
308	106000.0	0.5643404438891968
309	106001.0	0.5152308512822611
310	106010.0	0.7873535864556396
311	106015.0	0.6998650220162559
312	106032.0	0.5570805470343797
313	106035.0	0.7861706329411591
314	106053.0	0.5432472797537211
315	106065.0	0.5223569822518613
316	106083.0	0.5579631027305432
317	106090.0	0.5589880659305938
318	106155.0	0.7466104310980183
319	106176.0	0.5375031251583127
320	106199.0	0.6525598392142244
321	106206.0	0.568891055304598
322	106217.0	0.5322459887419699
323	106256.0	0.5114698179997396
324	106258.0	0.57497243159022
325	106286.0	0.5758984894926947
326	106346.0	0.5027202046095585
327	106373.0	0.5088656089140358
328	106377.0	0.6477481297809226
329	106401.0	0.5798704514410868
330	106413.0	0.7504185358527276
331	106434.0	0.5421585361691131
332	106453.0	0.6514367416099718
333	106491.0	0.7337218697682971
334	106527.0	0.6672243928015836
335	106534.0	0.7054109534418246
336	106550.0	0.7087000806566426
337	106577.0	0.5048097369566206
338	106585.0	0.5548982112498733
339	106611.0	0.5348004698707604
340	106647.0	0.8541976993730297
341	106712.0	0.5815714368978746
342	106724.0	0.5369946284391689
343	106740.0	0.5176339536594119
344	106761.0	0.6749221863690903
345	106802.0	0.5068576152566888
346	106803.0	0.5475369800643323
347	106804.0	0.736379742024349
348	106810.0	0.5331164356745143
349	106812.0	0.5719545964555123
350	106813.0	0.6199341667780929
351	106817.0	0.6901208327859512
352	106851.0	0.6542451762316037
353	106853.0	0.592922856452211
354	106854.0	0.857403818319769
355	106873.0	0.5739651519357103
356	106907.0	0.7167860493151946
357	106914.0	0.8913180725909352
358	106916.0	0.500855638243093
359	106944.0	0.6033803168764048
360	106986.0	0.5958980388630203
361	107033.0	0.5315617050516697
362	107037.0	0.5303422700648672
363	107113.0	0.505811635246258
364	107145.0	0.5872482449981594
365	107222.0	0.6308905506851762
366	107223.0	0.6817967906799203
367	107232.0	0.7104186623067559
368	107337.0	0.5441435604965092
369	107359.0	0.7211068897127795
370	107391.0	0.6640579363629217
371	107416.0	0.6096390278344028
372	107417.0	0.6285306601153651
373	107418.0	0.6443888481766135
374	107445.0	0.5077159972749565
375	107446.0	0.6373887205983831
376	107460.0	0.647158768333459
377	107470.0	0.6376107773585296
378	107475.0	0.571014428935746
379	107532.0	0.6228937884624711
380	107534.0	0.5659545002241178
381	107554.0	0.514017603471852
382	107564.0	0.5137499826014356
383	107571.0	0.501782694835204
384	107590.0	0.68545971131053
385	107602.0	0.5740037526037794
386	107625.0	0.5862930956650546
387	107626.0	0.833864534841984
388	107652.0	0.5188769927474577
389	107655.0	0.5079397893725592
390	107680.0	0.5698573342651404
391	107683.0	0.679302149208702
392	107710.0	0.8310965342255676
393	107721.0	0.6870688720303413
394	107727.0	0.7305937141237137
395	107741.0	0.5417791760917212
396	107765.0	0.6748948712387266
397	107775.0	0.5544875140686261
398	107782.0	0.846125572512932
399	107801.0	0.5404902653004499
400	107847.0	0.8784986783782796
401	107850.0	0.6022007049826843
402	107867.0	0.5026880715132958
403	107871.0	0.5442890265974659
404	107913.0	0.5060747336461046
405	107931.0	0.571297371754056
406	107978.0	0.5540910992640221
407	108010.0	0.578625352789196
408	108018.0	0.7194789830987969
409	108045.0	0.810381131084126
410	108069.0	0.6345162918646488
411	108092.0	0.5088409998329555
412	108112.0	0.5889619352372577
413	108120.0	0.6101143309447754
414	108122.0	0.6903173715203343
415	108171.0	0.5363236297104749
416	108185.0	0.6504116264444612
417	108195.0	0.7388040524240784
418	108243.0	0.6022041035134755
419	108280.0	0.8568848170674883
420	108353.0	0.564929471932302
421	108362.0	0.6320216239955931
422	108377.0	0.891688357965726
423	108378.0	0.6460565529273478
424	108383.0	0.5863771142721381
425	108390.0	0.5051814107624677
426	108436.0	0.7101885505133841
427	108437.0	0.5329455729307814
428	108449.0	0.54926214637828
429	108467.0	0.688300321599783
430	108474.0	0.5611473179201714
431	108506.0	0.5961393016581831
432	108510.0	0.5395779063560519
433	108511.0	0.5085319815337221
434	108548.0	0.5745659940235601
435	108554.0	0.5392391474524352
436	108555.0	0.6494062828864902
437	108584.0	0.5163198238929609
438	108613.0	0.7288173605871467
439	108616.0	0.5026458765341567
440	108654.0	0.6125904343567599
441	108668.0	0.6558656154751494
442	108682.0	0.6075547197577317
443	108691.0	0.5683502472515174
444	108710.0	0.5524540003065725
445	108718.0	0.8170793191526832
446	108739.0	0.7449899038118303
447	108742.0	0.7169883048427034
448	108767.0	0.5932711766604888
449	108769.0	0.5415135546089924
450	108779.0	0.5897546096732119
451	108801.0	0.576017081247168
452	108826.0	0.6332183263972022
453	108830.0	0.5088641412226903
454	108887.0	0.7044911500285759
455	108901.0	0.7303309002386938
456	108929.0	0.7315571181243832
457	108930.0	0.5822656064786691
458	108937.0	0.5745242969091278
459	108943.0	0.5999648838970402
460	108953.0	0.5575969540387247
461	108956.0	0.53585588880041
462	108993.0	0.6405148558328904
463	109000.0	0.6503121868222281
464	109001.0	0.574321099731038
465	109012.0	0.8289462431521071
466	109015.0	0.6927673935245581
467	109042.0	0.5681769553071291
468	109044.0	0.5566052789564641
469	109046.0	0.8043367473830308
470	109084.0	0.6475432554421789
471	109093.0	0.5952416302313558
472	109100.0	0.7409972654530975
473	109114.0	0.800867925926667
474	109162.0	0.5232512879701386
475	109167.0	0.5008020703380723
476	109168.0	0.532101281876126
477	109191.0	0.5449383300866907
478	109196.0	0.672776742649685
479	109206.0	0.7084832331784858
480	109244.0	0.6600468350796136
481	109276.0	0.6472971391172601
482	109297.0	0.8334452676539658
483	109298.0	0.5145796018494792
484	109309.0	0.6622833477632726
485	109321.0	0.6734644786419396
486	109328.0	0.5188029316510063
487	109347.0	0.5899897233348492
488	109348.0	0.6515611727922206
489	109393.0	0.6103447741843286
490	109413.0	0.6441272971428302
491	109414.0	0.8590042527276504
492	109427.0	0.5149257258520814
493	109429.0	0.6439693107965726
494	109437.0	0.5217263291797948
495	109471.0	0.7045630193373187
496	109501.0	0.6835084638455621
497	109544.0	0.5878993451398741
498	109551.0	0.5188306577479385
499	109555.0	0.5876321070772752
500	109583.0	0.7567098796101099
501	109604.0	0.718365386712518
502	109637.0	0.8317763046448932
503	109642.0	0.5050672853224377
504	109696.0	0.8274630928231981
505	109700.0	0.7040624878897626
506	109740.0	0.5334025890623464
507	109771.0	0.5608007984655315
508	109773.0	0.6734609230228071
509	109802.0	0.5985292201747223
510	109848.0	0.6139556343377508
511	109871.0	0.7710623717155213
512	109936.0	0.7801252353973451
513	109950.0	0.5639568111519194
514	109959.0	0.5060553751701558
515	109985.0	0.851617663116693
516	109992.0	0.5398486581933677
517	110011.0	0.7511036085883721
518	110014.0	0.5658632137779122
519	110069.0	0.7436211244901914
520	110094.0	0.5278047126432608
521	110098.0	0.5938561898370533
522	110138.0	0.7085023885684106
523	110164.0	0.575615624914632
524	110202.0	0.5135443142534842
525	110282.0	0.5197152981314651
526	110286.0	0.6555290032571988
527	110319.0	0.5578694118776347
528	110324.0	0.6310954644873864
529	110347.0	0.6437562681920821
530	110364.0	0.7739860502932299
531	110376.0	0.5136342405722043
532	110379.0	0.6739648379248248
533	110380.0	0.5039513412324871
534	110401.0	0.6174658364889188
535	110420.0	0.6814745653910945
536	110443.0	0.5787015163218209
537	110468.0	0.5626750592146348
538	110469.0	0.6322578821990179
539	110487.0	0.8310761865496682
540	110491.0	0.6130159152596866
541	110504.0	0.6770763447375503
542	110559.0	0.5145203080001299
543	110582.0	0.5894859964686844
544	110601.0	0.7344438866194298
545	110604.0	0.6273189513084408
546	110625.0	0.6025536853495673
547	110626.0	0.5338876568984872
548	110638.0	0.5859172199366292
549	110652.0	0.5211086670107498
550	110687.0	0.6972710527919086
551	110695.0	0.5674382135455756
552	110696.0	0.5228663731469883
553	110717.0	0.5052586015233724
554	110809.0	0.6417134289127789
555	110827.0	0.595958884979179
556	110832.0	0.5804296639633887
557	110839.0	0.5367736212027399
558	110859.0	0.5622832588484085
559	110863.0	0.7936403389140345
560	110865.0	0.5487786873628409
561	110881.0	0.5976239398262571
562	110914.0	0.5004858965856728
563	110953.0	0.5015434818909495
564	110954.0	0.7674415274990078
565	110958.0	0.6375496247239263
566	110989.0	0.5235978717020796
567	110993.0	0.8118952145602613
568	110994.0	0.8374058001313063
569	111052.0	0.6976524902633644
570	111070.0	0.6273905568964441
571	111084.0	0.5943897080019708
572	111091.0	0.5614593883039004
573	111112.0	0.601965536530809
574	111142.0	0.5051734484009879
575	111146.0	0.7207701098318481
576	111169.0	0.6172343720380236
577	111174.0	0.7659702549630999
578	111175.0	0.6031139151438827
579	111182.0	0.5483035086739781
580	111194.0	0.5248395509154233
581	111196.0	0.6761917930640717
582	111197.0	0.5048819040195666
583	111263.0	0.5645068865899803
584	111277.0	0.672017764376464
585	111279.0	0.508619289439545
586	111315.0	0.785900288415819
587	111318.0	0.5923935153396418
588	111343.0	0.563469035765177
589	111345.0	0.7402015795597575
590	111359.0	0.7315152652085455
591	111391.0	0.5097011624496202
592	111419.0	0.5727692863193922
593	111423.0	0.7698386195099952
594	111439.0	0.541122880542617
595	111452.0	0.6738533461280635
596	111456.0	0.5251934062974007
597	111478.0	0.5709560655148996
598	111488.0	0.7136653740123926
599	111532.0	0.6866828817129097
600	111541.0	0.5959505061739667
601	111544.0	0.6656212110019534
602	111554.0	0.592450886090887
603	111560.0	0.6312406299641694
604	111567.0	0.66911150847483
605	111641.0	0.6016085625150039
606	111646.0	0.7532377506135663
607	111694.0	0.5659530800962613
608	111715.0	0.5389300706495462
609	111804.0	0.6776832183970154
610	111810.0	0.7018945449365495
611	111816.0	0.5136583492859274
612	111843.0	0.5596161050558531
613	111846.0	0.6422653306594464
614	111848.0	0.8311144028117349
615	111883.0	0.529127693368895
616	111912.0	0.6150122786970277
617	111960.0	0.5380301496147563
618	112015.0	0.627503901568002
619	112019.0	0.628634577862968
620	112052.0	0.5652695822650037
621	112085.0	0.5680500684528368
622	112089.0	0.5097948957237305
623	112098.0	0.8162950485538731
624	112127.0	0.6930092357085814
625	112165.0	0.642289428919288
626	112176.0	0.5299544012712858
627	112214.0	0.5666934826284061
628	112215.0	0.5262591014450082
629	112225.0	0.6231179647205414
630	112231.0	0.6252605599434464
631	112234.0	0.5207575938847766
632	112236.0	0.5508369862238479
633	112254.0	0.5548503710890947
634	112265.0	0.5087220753711248
635	112287.0	0.5536173048382299
636	112295.0	0.6596212850449684
637	112303.0	0.5687978203788152
638	112307.0	0.7487637928496875
639	112312.0	0.5948671143973604
640	112326.0	0.6365169267846471
641	112333.0	0.5377476750650547
642	112356.0	0.7234502860042142
643	112357.0	0.5219968752305666
644	112359.0	0.5909321400882527
645	112360.0	0.6732235355012994
646	112401.0	0.6160182508668565
647	112405.0	0.5804622918778739
648	112414.0	0.5472220482308126
649	112468.0	0.5626038440975485
650	112510.0	0.7221583126467714
651	112535.0	0.7275114322462467
652	112556.0	0.5092846587032578
653	112590.0	0.6322416188093796
654	112593.0	0.5264563584463315
655	112596.0	0.7229127838611797
656	112604.0	0.5765643278469296
657	112622.0	0.5091646993449696
658	112677.0	0.5742018572129773
659	112688.0	0.5213839855771265
660	112692.0	0.7819907549611618
661	112696.0	0.6479513069941939
662	112702.0	0.5672704070291784
663	112738.0	0.5254195717574868
664	112775.0	0.6374823623059857
665	112794.0	0.5589609779844775
666	112822.0	0.5129242048504692
667	112829.0	0.5311673563838646
668	112831.0	0.5247142166776665
669	112844.0	0.6738940741537225
670	112882.0	0.5063070795176104
671	112886.0	0.6276272873191955
672	112896.0	0.5264920726414544
673	112902.0	0.6314969304723809
674	112917.0	0.6265125806604934
675	112932.0	0.5629785657901303
676	112946.0	0.653202793036152
677	112966.0	0.5333831814304484
678	112974.0	0.5760898609635275
679	112978.0	0.7403586153793786
680	112992.0	0.7768527434477086
681	113004.0	0.6257755610948675
682	113007.0	0.8246552553916314
683	113020.0	0.6567819692808927
684	113025.0	0.6885427052419306
685	113042.0	0.5960083343666688
686	113047.0	0.5112979011394552
687	113067.0	0.7907104852055562
688	113071.0	0.5013914587007297
689	113128.0	0.8605869763374365
690	113134.0	0.5495723905656815
691	113175.0	0.80647176656966
692	113188.0	0.7277126536751406
693	113193.0	0.8730696217085891
694	113272.0	0.5029023449767726
695	113318.0	0.5658082646655187
696	113322.0	0.668531768138596
697	113326.0	0.5113885089941845
698	113346.0	0.760854383771304
699	113352.0	0.5320942190238109
700	113368.0	0.5353355120930388
701	113390.0	0.5778810367079145
702	113410.0	0.8906343211624572
703	113435.0	0.6173174273181903
704	113438.0	0.749743091018346
705	113557.0	0.6543402968235478
706	113576.0	0.5114242523608502
707	113585.0	0.5025661934919362
708	113587.0	0.8163361924543745
709	113599.0	0.6926404514848192
710	113609.0	0.8228215445090756
711	113611.0	0.6049007106441802
712	113627.0	0.7240069048718716
713	113652.0	0.5655303665016411
714	113695.0	0.5149287790398895
715	113783.0	0.6272204972631779
716	113791.0	0.7827485034412212
717	113795.0	0.5313449595041166
718	113829.0	0.5926400099465606
719	113862.0	0.6639300698207935
720	113863.0	0.6959084727839934
721	113882.0	0.5721628850284853
722	113887.0	0.5598364836733974
723	113930.0	0.5640174266484739
724	113936.0	0.6180286649183167
725	113942.0	0.5023784110513074
726	113943.0	0.6520934059565155
727	113945.0	0.5027953546369757
728	113951.0	0.7099651170086395
729	113967.0	0.5630969915110088
730	113977.0	0.6682005829436928
731	113984.0	0.8400705551268146
732	113999.0	0.6790832898025524
733	114011.0	0.6511235053044662
734	114047.0	0.6230953083126755
